32
700
500
80
80
South
640
500
60
80
South
580
500
60
80
South
520
500
60
80
South
460
500
60
80
South
400
500
60
80
South
340
500
60
80
South
280
500
60
80
South
200
500
80
80
West
200
440
80
60
West
200
380
80
60
West
200
320
80
60
West
200
260
80
60
West
200
200
80
60
West
200
140
80
60
West
200
80
80
60
West
200
0
80
80
North
280
0
60
80
North
340
0
60
80
North
400
0
60
80
North
460
0
60
80
North
520
0
60
80
North
580
0
60
80
North
640
0
60
80
North
700
0
80
80
East
700
80
80
60
East
700
140
80
60
East
700
200
80
60
East
700
260
80
60
East
700
320
80
60
East
700
380
80
60
East
700
440
80
60
East
